1.0000	-5.3157
1.0500	-4.8804
1.1000	-4.4954
1.1500	-4.1524
1.2000	-3.8452
1.2500	-3.5684
1.3000	-3.3177
1.3500	-3.0898
1.4000	-2.8816
1.4500	-2.6907
1.5000	-2.5151
1.5500	-2.3531
1.6000	-2.2031
1.6500	-2.0639
1.7000	-1.9344
1.7500	-1.8136
1.8000	-1.7007
1.8500	-1.5950
1.9000	-1.4957
1.9500	-1.4024
2.0000	-1.3145
2.0500	-1.2316
2.1000	-1.1532
2.1500	-1.0791
2.2000	-1.0089
2.2500	-0.9423
2.3000	-0.8790
2.3500	-0.8188
2.4000	-0.7615
2.4500	-0.7068
2.5000	-0.6547
2.5500	-0.6050
2.6000	-0.5574
2.6500	-0.5119
2.7000	-0.4683
2.7500	-0.4265
2.8000	-0.3864
2.8500	-0.3480
2.9000	-0.3110
2.9500	-0.2755
3.0000	-0.2413
3.0500	-0.2085
3.1000	-0.1768
3.1500	-0.1463
3.2000	-0.1168
3.2500	-0.0884
3.3000	-0.0610
3.3500	-0.0346
3.4000	-0.0090
3.4500	0.0158
3.5000	0.0397
3.5500	0.0629
3.6000	0.0853
3.6500	0.1070
3.7000	0.1280
3.7500	0.1485
3.8000	0.1682
3.8500	0.1874
3.9000	0.2061
3.9500	0.2242
4.0000	0.2417
4.0500	0.2588
4.1000	0.2754
4.1500	0.2915
4.2000	0.3072
4.2500	0.3225
4.3000	0.3373
4.3500	0.3518
4.4000	0.3659
4.4500	0.3796
4.5000	0.3929
4.5500	0.4060
4.6000	0.4187
4.6500	0.4310
4.7000	0.4431
4.7500	0.4549
4.8000	0.4664
4.8500	0.4776
4.9000	0.4885
4.9500	0.4992
5.0000	0.5097
5.0500	0.5199
5.1000	0.5298
5.1500	0.5396
5.2000	0.5491
5.2500	0.5584
5.3000	0.5675
5.3500	0.5764
5.4000	0.5851
5.4500	0.5936
5.5000	0.6019
5.5500	0.6101
5.6000	0.6181
5.6500	0.6259
5.7000	0.6335
5.7500	0.6410
5.8000	0.6484
5.8500	0.6556
5.9000	0.6626
5.9500	0.6695
6.0000	0.6763
6.0500	0.6829
6.1000	0.6894
6.1500	0.6958
6.2000	0.7021
6.2500	0.7082
6.3000	0.7142
6.3500	0.7201
6.4000	0.7259
6.4500	0.7316
6.5000	0.7372
6.5500	0.7426
6.6000	0.7480
6.6500	0.7533
6.7000	0.7585
6.7500	0.7636
6.8000	0.7686
6.8500	0.7735
6.9000	0.7783
6.9500	0.7830
7.0000	0.7877
7.0500	0.7922
7.1000	0.7967
7.1500	0.8012
7.2000	0.8055
7.2500	0.8098
7.3000	0.8140
7.3500	0.8181
7.4000	0.8221
7.4500	0.8261
7.5000	0.8300
7.5500	0.8339
7.6000	0.8377
7.6500	0.8414
7.7000	0.8451
7.7500	0.8487
7.8000	0.8522
7.8500	0.8557
7.9000	0.8592
7.9500	0.8626
8.0000	0.8659
8.0500	0.8692
8.1000	0.8724
8.1500	0.8756
8.2000	0.8787
8.2500	0.8818
8.3000	0.8848
8.3500	0.8878
8.4000	0.8907
8.4500	0.8936
8.5000	0.8965
8.5500	0.8993
8.6000	0.9021
8.6500	0.9048
8.7000	0.9075
8.7500	0.9101
8.8000	0.9127
8.8500	0.9153
8.9000	0.9178
8.9500	0.9203
9.0000	0.9228
9.0500	0.9252
9.1000	0.9276
9.1500	0.9299
9.2000	0.9323
9.2500	0.9346
9.3000	0.9368
9.3500	0.9390
9.4000	0.9412
9.4500	0.9434
9.5000	0.9455
9.5500	0.9476
9.6000	0.9497
9.6500	0.9517
9.7000	0.9537
9.7500	0.9557
9.8000	0.9577
9.8500	0.9596
9.9000	0.9615
9.9500	0.9634
10.0000	0.9653
10.0500	0.9671
10.1000	0.9689
10.1500	0.9707
10.2000	0.9724
10.2500	0.9742
10.3000	0.9759
10.3500	0.9776
10.4000	0.9792
10.4500	0.9809
10.5000	0.9825
10.5500	0.9841
10.6000	0.9857
10.6500	0.9872
10.7000	0.9888
10.7500	0.9903
10.8000	0.9918
10.8500	0.9933
10.9000	0.9947
10.9500	0.9962
11.0000	0.9976
11.0500	0.9990
11.1000	1.0004
11.1500	1.0017
11.2000	1.0031
11.2500	1.0044
11.3000	1.0057
11.3500	1.0070
11.4000	1.0083
11.4500	1.0096
11.5000	1.0108
11.5500	1.0121
11.6000	1.0133
11.6500	1.0145
11.7000	1.0157
11.7500	1.0169
11.8000	1.0180
11.8500	1.0192
11.9000	1.0203
11.9500	1.0214
12.0000	1.0225
12.0500	1.0236
12.1000	1.0247
12.1500	1.0258
12.2000	1.0268
12.2500	1.0279
12.3000	1.0289
12.3500	1.0299
12.4000	1.0309
12.4500	1.0319
12.5000	1.0329
12.5500	1.0338
12.6000	1.0348
12.6500	1.0357
12.7000	1.0367
12.7500	1.0376
12.8000	1.0385
12.8500	1.0394
12.9000	1.0403
12.9500	1.0411
13.0000	1.0420
13.0500	1.0429
13.1000	1.0437
13.1500	1.0445
13.2000	1.0454
13.2500	1.0462
13.3000	1.0470
13.3500	1.0478
13.4000	1.0486
13.4500	1.0493
13.5000	1.0501
13.5500	1.0509
13.6000	1.0516
13.6500	1.0524
13.7000	1.0531
13.7500	1.0538
13.8000	1.0545
13.8500	1.0552
13.9000	1.0559
13.9500	1.0566
14.0000	1.0573
14.0500	1.0580
14.1000	1.0586
14.1500	1.0593
14.2000	1.0599
14.2500	1.0606
14.3000	1.0612
14.3500	1.0619
14.4000	1.0625
14.4500	1.0631
14.5000	1.0637
14.5500	1.0643
14.6000	1.0649
14.6500	1.0655
14.7000	1.0660
14.7500	1.0666
14.8000	1.0672
14.8500	1.0677
14.9000	1.0683
14.9500	1.0688
15.0000	1.0694
15.0500	1.0699
15.1000	1.0704
15.1500	1.0710
15.2000	1.0715
15.2500	1.0720
15.3000	1.0725
15.3500	1.0730
15.4000	1.0735
15.4500	1.0739
15.5000	1.0744
15.5500	1.0749
15.6000	1.0754
15.6500	1.0758
15.7000	1.0763
15.7500	1.0767
15.8000	1.0772
15.8500	1.0776
15.9000	1.0780
15.9500	1.0785
16.0000	1.0789
16.0500	1.0793
16.1000	1.0797
16.1500	1.0801
16.2000	1.0806
16.2500	1.0810
16.3000	1.0814
16.3500	1.0817
16.4000	1.0821
16.4500	1.0825
16.5000	1.0829
16.5500	1.0833
16.6000	1.0836
16.6500	1.0840
16.7000	1.0843
16.7500	1.0847
16.8000	1.0851
16.8500	1.0854
16.9000	1.0857
16.9500	1.0861
17.0000	1.0864
17.0500	1.0867
17.1000	1.0871
17.1500	1.0874
17.2000	1.0877
17.2500	1.0880
17.3000	1.0883
17.3500	1.0886
17.4000	1.0889
17.4500	1.0892
17.5000	1.0895
17.5500	1.0898
17.6000	1.0901
17.6500	1.0904
17.7000	1.0907
17.7500	1.0910
17.8000	1.0912
17.8500	1.0915
17.9000	1.0918
17.9500	1.0920
18.0000	1.0923
18.0500	1.0926
18.1000	1.0928
18.1500	1.0931
18.2000	1.0933
18.2500	1.0936
18.3000	1.0938
18.3500	1.0940
18.4000	1.0943
18.4500	1.0945
18.5000	1.0947
18.5500	1.0950
18.6000	1.0952
18.6500	1.0954
18.7000	1.0956
18.7500	1.0958
18.8000	1.0960
18.8500	1.0963
18.9000	1.0965
18.9500	1.0967
19.0000	1.0969
19.0500	1.0971
19.1000	1.0973
19.1500	1.0974
19.2000	1.0976
19.2500	1.0978
19.3000	1.0980
19.3500	1.0982
19.4000	1.0984
19.4500	1.0985
19.5000	1.0987
19.5500	1.0989
19.6000	1.0991
19.6500	1.0992
19.7000	1.0994
19.7500	1.0996
19.8000	1.0997
19.8500	1.0999
19.9000	1.1000
19.9500	1.1002
20.0000	1.1003
20.0500	1.1005
20.1000	1.1006
20.1500	1.1008
20.2000	1.1009
20.2500	1.1011
20.3000	1.1012
20.3500	1.1013
20.4000	1.1015
20.4500	1.1016
20.5000	1.1017
20.5500	1.1019
20.6000	1.1020
20.6500	1.1021
20.7000	1.1022
20.7500	1.1024
20.8000	1.1025
20.8500	1.1026
20.9000	1.1027
20.9500	1.1028
21.0000	1.1029
21.0500	1.1030
21.1000	1.1031
21.1500	1.1032
21.2000	1.1033
21.2500	1.1034
21.3000	1.1035
21.3500	1.1036
21.4000	1.1037
21.4500	1.1038
21.5000	1.1039
21.5500	1.1040
21.6000	1.1041
21.6500	1.1042
21.7000	1.1043
21.7500	1.1044
21.8000	1.1044
21.8500	1.1045
21.9000	1.1046
21.9500	1.1047
22.0000	1.1048
22.0500	1.1048
22.1000	1.1049
22.1500	1.1050
22.2000	1.1050
22.2500	1.1051
22.3000	1.1052
22.3500	1.1052
22.4000	1.1053
22.4500	1.1054
22.5000	1.1054
22.5500	1.1055
22.6000	1.1056
22.6500	1.1056
22.7000	1.1057
22.7500	1.1057
22.8000	1.1058
22.8500	1.1058
22.9000	1.1059
22.9500	1.1059
23.0000	1.1060
23.0500	1.1060
23.1000	1.1061
23.1500	1.1061
23.2000	1.1062
23.2500	1.1062
23.3000	1.1062
23.3500	1.1063
23.4000	1.1063
23.4500	1.1063
23.5000	1.1064
23.5500	1.1064
23.6000	1.1064
23.6500	1.1065
23.7000	1.1065
23.7500	1.1065
23.8000	1.1066
23.8500	1.1066
23.9000	1.1066
23.9500	1.1066
24.0000	1.1067
24.0500	1.1067
24.1000	1.1067
24.1500	1.1067
24.2000	1.1068
24.2500	1.1068
24.3000	1.1068
24.3500	1.1068
24.4000	1.1068
24.4500	1.1068
24.5000	1.1068
24.5500	1.1069
24.6000	1.1069
24.6500	1.1069
24.7000	1.1069
24.7500	1.1069
24.8000	1.1069
24.8500	1.1069
24.9000	1.1069
24.9500	1.1069
25.0000	1.1069
25.0500	1.1069
25.1000	1.1069
25.1500	1.1069
25.2000	1.1069
25.2500	1.1069
25.3000	1.1069
25.3500	1.1069
25.4000	1.1069
25.4500	1.1069
25.5000	1.1069
25.5500	1.1069
25.6000	1.1069
25.6500	1.1069
25.7000	1.1069
25.7500	1.1069
25.8000	1.1069
25.8500	1.1068
25.9000	1.1068
25.9500	1.1068
26.0000	1.1068
26.0500	1.1068
26.1000	1.1068
26.1500	1.1068
26.2000	1.1067
26.2500	1.1067
26.3000	1.1067
26.3500	1.1067
26.4000	1.1067
26.4500	1.1066
26.5000	1.1066
26.5500	1.1066
26.6000	1.1066
26.6500	1.1065
26.7000	1.1065
26.7500	1.1065
26.8000	1.1065
26.8500	1.1064
26.9000	1.1064
26.9500	1.1064
27.0000	1.1064
27.0500	1.1063
27.1000	1.1063
27.1500	1.1063
27.2000	1.1062
27.2500	1.1062
27.3000	1.1062
27.3500	1.1061
27.4000	1.1061
27.4500	1.1061
27.5000	1.1060
27.5500	1.1060
27.6000	1.1060
27.6500	1.1059
27.7000	1.1059
27.7500	1.1059
27.8000	1.1058
27.8500	1.1058
27.9000	1.1057
27.9500	1.1057
28.0000	1.1057
28.0500	1.1056
28.1000	1.1056
28.1500	1.1055
28.2000	1.1055
28.2500	1.1054
28.3000	1.1054
28.3500	1.1054
28.4000	1.1053
28.4500	1.1053
28.5000	1.1052
28.5500	1.1052
28.6000	1.1051
28.6500	1.1051
28.7000	1.1050
28.7500	1.1050
28.8000	1.1049
28.8500	1.1049
28.9000	1.1048
28.9500	1.1048
29.0000	1.1047
29.0500	1.1047
29.1000	1.1046
29.1500	1.1046
29.2000	1.1045
29.2500	1.1045
29.3000	1.1044
29.3500	1.1043
29.4000	1.1043
29.4500	1.1042
29.5000	1.1042
29.5500	1.1041
29.6000	1.1041
29.6500	1.1040
29.7000	1.1039
29.7500	1.1039
29.8000	1.1038
29.8500	1.1038
29.9000	1.1037
29.9500	1.1036
30.0000	1.1036
30.0500	1.1035
30.1000	1.1035
30.1500	1.1034
30.2000	1.1033
30.2500	1.1033
30.3000	1.1032
30.3500	1.1031
30.4000	1.1031
30.4500	1.1030
30.5000	1.1030
30.5500	1.1029
30.6000	1.1028
30.6500	1.1028
30.7000	1.1027
30.7500	1.1026
30.8000	1.1026
30.8500	1.1025
30.9000	1.1024
30.9500	1.1024
31.0000	1.1023
31.0500	1.1022
31.1000	1.1021
31.1500	1.1021
31.2000	1.1020
31.2500	1.1019
31.3000	1.1019
31.3500	1.1018
31.4000	1.1017
31.4500	1.1017
31.5000	1.1016
31.5500	1.1015
31.6000	1.1014
31.6500	1.1014
31.7000	1.1013
31.7500	1.1012
31.8000	1.1011
31.8500	1.1011
31.9000	1.1010
31.9500	1.1009
32.0000	1.1008
32.0500	1.1008
32.1000	1.1007
32.1500	1.1006
32.2000	1.1005
32.2500	1.1005
32.3000	1.1004
32.3500	1.1003
32.4000	1.1002
32.4500	1.1002
32.5000	1.1001
32.5500	1.1000
32.6000	1.0999
32.6500	1.0998
32.7000	1.0998
32.7500	1.0997
32.8000	1.0996
32.8500	1.0995
32.9000	1.0994
32.9500	1.0994
33.0000	1.0993
33.0500	1.0992
33.1000	1.0991
33.1500	1.0990
33.2000	1.0989
33.2500	1.0989
33.3000	1.0988
33.3500	1.0987
33.4000	1.0986
33.4500	1.0985
33.5000	1.0985
33.5500	1.0984
33.6000	1.0983
33.6500	1.0982
33.7000	1.0981
33.7500	1.0980
33.8000	1.0979
33.8500	1.0979
33.9000	1.0978
33.9500	1.0977
34.0000	1.0976
34.0500	1.0975
34.1000	1.0974
34.1500	1.0973
34.2000	1.0973
34.2500	1.0972
34.3000	1.0971
34.3500	1.0970
34.4000	1.0969
34.4500	1.0968
34.5000	1.0967
34.5500	1.0966
34.6000	1.0966
34.6500	1.0965
34.7000	1.0964
34.7500	1.0963
34.8000	1.0962
34.8500	1.0961
34.9000	1.0960
34.9500	1.0959
35.0000	1.0958
35.0500	1.0958
35.1000	1.0957
35.1500	1.0956
35.2000	1.0955
35.2500	1.0954
35.3000	1.0953
35.3500	1.0952
35.4000	1.0951
35.4500	1.0950
35.5000	1.0949
35.5500	1.0948
35.6000	1.0947
35.6500	1.0947
35.7000	1.0946
35.7500	1.0945
35.8000	1.0944
35.8500	1.0943
35.9000	1.0942
35.9500	1.0941
36.0000	1.0940
36.0500	1.0939
36.1000	1.0938
36.1500	1.0937
36.2000	1.0936
36.2500	1.0935
36.3000	1.0934
36.3500	1.0933
36.4000	1.0932
36.4500	1.0932
36.5000	1.0931
36.5500	1.0930
36.6000	1.0929
36.6500	1.0928
36.7000	1.0927
36.7500	1.0926
36.8000	1.0925
36.8500	1.0924
36.9000	1.0923
36.9500	1.0922
37.0000	1.0921
37.0500	1.0920
37.1000	1.0919
37.1500	1.0918
37.2000	1.0917
37.2500	1.0916
37.3000	1.0915
37.3500	1.0914
37.4000	1.0913
37.4500	1.0912
37.5000	1.0911
37.5500	1.0910
37.6000	1.0909
37.6500	1.0908
37.7000	1.0907
37.7500	1.0906
37.8000	1.0905
37.8500	1.0904
37.9000	1.0903
37.9500	1.0902
38.0000	1.0901
38.0500	1.0900
38.1000	1.0899
38.1500	1.0898
38.2000	1.0897
38.2500	1.0896
38.3000	1.0895
38.3500	1.0894
38.4000	1.0893
38.4500	1.0892
38.5000	1.0891
38.5500	1.0890
38.6000	1.0889
38.6500	1.0888
38.7000	1.0887
38.7500	1.0886
38.8000	1.0885
38.8500	1.0884
38.9000	1.0883
38.9500	1.0882
39.0000	1.0881
39.0500	1.0880
39.1000	1.0879
39.1500	1.0878
39.2000	1.0877
39.2500	1.0876
39.3000	1.0875
39.3500	1.0874
39.4000	1.0873
39.4500	1.0872
39.5000	1.0871
39.5500	1.0870
39.6000	1.0869
39.6500	1.0868
39.7000	1.0867
39.7500	1.0866
39.8000	1.0865
39.8500	1.0864
39.9000	1.0863
39.9500	1.0862
40.0000	1.0861
40.0500	1.0860
40.1000	1.0859
40.1500	1.0858
40.2000	1.0857
40.2500	1.0856
40.3000	1.0855
40.3500	1.0854
40.4000	1.0853
40.4500	1.0852
40.5000	1.0851
40.5500	1.0850
40.6000	1.0849
40.6500	1.0848
40.7000	1.0846
40.7500	1.0845
40.8000	1.0844
40.8500	1.0843
40.9000	1.0842
40.9500	1.0841
41.0000	1.0840
41.0500	1.0839
41.1000	1.0838
41.1500	1.0837
41.2000	1.0836
41.2500	1.0835
41.3000	1.0834
41.3500	1.0833
41.4000	1.0832
41.4500	1.0831
41.5000	1.0830
41.5500	1.0829
41.6000	1.0828
41.6500	1.0827
41.7000	1.0826
41.7500	1.0825
41.8000	1.0823
41.8500	1.0822
41.9000	1.0821
41.9500	1.0820
42.0000	1.0819
42.0500	1.0818
42.1000	1.0817
42.1500	1.0816
42.2000	1.0815
42.2500	1.0814
42.3000	1.0813
42.3500	1.0812
42.4000	1.0811
42.4500	1.0810
42.5000	1.0809
42.5500	1.0808
42.6000	1.0807
42.6500	1.0806
42.7000	1.0804
42.7500	1.0803
42.8000	1.0802
42.8500	1.0801
42.9000	1.0800
42.9500	1.0799
43.0000	1.0798
43.0500	1.0797
43.1000	1.0796
43.1500	1.0795
43.2000	1.0794
43.2500	1.0793
43.3000	1.0792
43.3500	1.0791
43.4000	1.0790
43.4500	1.0788
43.5000	1.0787
43.5500	1.0786
43.6000	1.0785
43.6500	1.0784
43.7000	1.0783
43.7500	1.0782
43.8000	1.0781
43.8500	1.0780
43.9000	1.0779
43.9500	1.0778
44.0000	1.0777
44.0500	1.0776
44.1000	1.0775
44.1500	1.0773
44.2000	1.0772
44.2500	1.0771
44.3000	1.0770
44.3500	1.0769
44.4000	1.0768
44.4500	1.0767
44.5000	1.0766
44.5500	1.0765
44.6000	1.0764
44.6500	1.0763
44.7000	1.0762
44.7500	1.0761
44.8000	1.0760
44.8500	1.0758
44.9000	1.0757
44.9500	1.0756
45.0000	1.0755
45.0500	1.0754
45.1000	1.0753
45.1500	1.0752
45.2000	1.0751
45.2500	1.0750
45.3000	1.0749
45.3500	1.0748
45.4000	1.0747
45.4500	1.0746
45.5000	1.0744
45.5500	1.0743
45.6000	1.0742
45.6500	1.0741
45.7000	1.0740
45.7500	1.0739
45.8000	1.0738
45.8500	1.0737
45.9000	1.0736
45.9500	1.0735
46.0000	1.0734
46.0500	1.0733
46.1000	1.0731
46.1500	1.0730
46.2000	1.0729
46.2500	1.0728
46.3000	1.0727
46.3500	1.0726
46.4000	1.0725
46.4500	1.0724
46.5000	1.0723
46.5500	1.0722
46.6000	1.0721
46.6500	1.0720
46.7000	1.0719
46.7500	1.0717
46.8000	1.0716
46.8500	1.0715
46.9000	1.0714
46.9500	1.0713
47.0000	1.0712
47.0500	1.0711
47.1000	1.0710
47.1500	1.0709
47.2000	1.0708
47.2500	1.0707
47.3000	1.0706
47.3500	1.0704
47.4000	1.0703
47.4500	1.0702
47.5000	1.0701
47.5500	1.0700
47.6000	1.0699
47.6500	1.0698
47.7000	1.0697
47.7500	1.0696
47.8000	1.0695
47.8500	1.0694
47.9000	1.0693
47.9500	1.0691
48.0000	1.0690
48.0500	1.0689
48.1000	1.0688
48.1500	1.0687
48.2000	1.0686
48.2500	1.0685
48.3000	1.0684
48.3500	1.0683
48.4000	1.0682
48.4500	1.0681
48.5000	1.0680
48.5500	1.0678
48.6000	1.0677
48.6500	1.0676
48.7000	1.0675
48.7500	1.0674
48.8000	1.0673
48.8500	1.0672
48.9000	1.0671
48.9500	1.0670
49.0000	1.0669
49.0500	1.0668
49.1000	1.0667
49.1500	1.0665
49.2000	1.0664
49.2500	1.0663
49.3000	1.0662
49.3500	1.0661
49.4000	1.0660
49.4500	1.0659
49.5000	1.0658
49.5500	1.0657
49.6000	1.0656
49.6500	1.0655
49.7000	1.0654
49.7500	1.0652
49.8000	1.0651
49.8500	1.0650
49.9000	1.0649
49.9500	1.0648
50.0000	1.0647
50.0500	1.0646
50.1000	1.0645
50.1500	1.0644
50.2000	1.0643
50.2500	1.0642
50.3000	1.0641
50.3500	1.0639
50.4000	1.0638
50.4500	1.0637
50.5000	1.0636
50.5500	1.0635
50.6000	1.0634
50.6500	1.0633
50.7000	1.0632
50.7500	1.0631
50.8000	1.0630
50.8500	1.0629
50.9000	1.0628
50.9500	1.0627
51.0000	1.0625
51.0500	1.0624
51.1000	1.0623
51.1500	1.0622
51.2000	1.0621
51.2500	1.0620
51.3000	1.0619
51.3500	1.0618
51.4000	1.0617
51.4500	1.0616
51.5000	1.0615
51.5500	1.0614
51.6000	1.0613
51.6500	1.0611
51.7000	1.0610
51.7500	1.0609
51.8000	1.0608
51.8500	1.0607
51.9000	1.0606
51.9500	1.0605
52.0000	1.0604
52.0500	1.0603
52.1000	1.0602
52.1500	1.0601
52.2000	1.0600
52.2500	1.0599
52.3000	1.0597
52.3500	1.0596
52.4000	1.0595
52.4500	1.0594
52.5000	1.0593
52.5500	1.0592
52.6000	1.0591
52.6500	1.0590
52.7000	1.0589
52.7500	1.0588
52.8000	1.0587
52.8500	1.0586
52.9000	1.0585
52.9500	1.0583
53.0000	1.0582
53.0500	1.0581
53.1000	1.0580
53.1500	1.0579
53.2000	1.0578
53.2500	1.0577
53.3000	1.0576
53.3500	1.0575
53.4000	1.0574
53.4500	1.0573
53.5000	1.0572
53.5500	1.0571
53.6000	1.0570
53.6500	1.0568
53.7000	1.0567
53.7500	1.0566
53.8000	1.0565
53.8500	1.0564
53.9000	1.0563
53.9500	1.0562
54.0000	1.0561
54.0500	1.0560
54.1000	1.0559
54.1500	1.0558
54.2000	1.0557
54.2500	1.0556
54.3000	1.0555
54.3500	1.0553
54.4000	1.0552
54.4500	1.0551
54.5000	1.0550
54.5500	1.0549
54.6000	1.0548
54.6500	1.0547
54.7000	1.0546
54.7500	1.0545
54.8000	1.0544
54.8500	1.0543
54.9000	1.0542
54.9500	1.0541
55.0000	1.0540
55.0500	1.0539
55.1000	1.0537
55.1500	1.0536
55.2000	1.0535
55.2500	1.0534
55.3000	1.0533
55.3500	1.0532
55.4000	1.0531
55.4500	1.0530
55.5000	1.0529
55.5500	1.0528
55.6000	1.0527
55.6500	1.0526
55.7000	1.0525
55.7500	1.0524
55.8000	1.0523
55.8500	1.0522
55.9000	1.0520
55.9500	1.0519
56.0000	1.0518
56.0500	1.0517
56.1000	1.0516
56.1500	1.0515
56.2000	1.0514
56.2500	1.0513
56.3000	1.0512
56.3500	1.0511
56.4000	1.0510
56.4500	1.0509
56.5000	1.0508
56.5500	1.0507
56.6000	1.0506
56.6500	1.0505
56.7000	1.0504
56.7500	1.0503
56.8000	1.0501
56.8500	1.0500
56.9000	1.0499
56.9500	1.0498
57.0000	1.0497
57.0500	1.0496
57.1000	1.0495
57.1500	1.0494
57.2000	1.0493
57.2500	1.0492
57.3000	1.0491
57.3500	1.0490
57.4000	1.0489
57.4500	1.0488
57.5000	1.0487
57.5500	1.0486
57.6000	1.0485
57.6500	1.0484
57.7000	1.0483
57.7500	1.0481
57.8000	1.0480
57.8500	1.0479
57.9000	1.0478
57.9500	1.0477
58.0000	1.0476
58.0500	1.0475
58.1000	1.0474
58.1500	1.0473
58.2000	1.0472
58.2500	1.0471
58.3000	1.0470
58.3500	1.0469
58.4000	1.0468
58.4500	1.0467
58.5000	1.0466
58.5500	1.0465
58.6000	1.0464
58.6500	1.0463
58.7000	1.0462
58.7500	1.0461
58.8000	1.0459
58.8500	1.0458
58.9000	1.0457
58.9500	1.0456
59.0000	1.0455
59.0500	1.0454
59.1000	1.0453
59.1500	1.0452
59.2000	1.0451
59.2500	1.0450
59.3000	1.0449
59.3500	1.0448
59.4000	1.0447
59.4500	1.0446
59.5000	1.0445
59.5500	1.0444
59.6000	1.0443
59.6500	1.0442
59.7000	1.0441
59.7500	1.0440
59.8000	1.0439
59.8500	1.0438
59.9000	1.0437
59.9500	1.0436
60.0000	1.0435
60.0500	1.0433
60.1000	1.0432
60.1500	1.0431
60.2000	1.0430
60.2500	1.0429
60.3000	1.0428
60.3500	1.0427
60.4000	1.0426
60.4500	1.0425
60.5000	1.0424
60.5500	1.0423
60.6000	1.0422
60.6500	1.0421
60.7000	1.0420
60.7500	1.0419
60.8000	1.0418
60.8500	1.0417
60.9000	1.0416
60.9500	1.0415
61.0000	1.0414
61.0500	1.0413
61.1000	1.0412
61.1500	1.0411
61.2000	1.0410
61.2500	1.0409
61.3000	1.0408
61.3500	1.0407
61.4000	1.0406
61.4500	1.0405
61.5000	1.0404
61.5500	1.0403
61.6000	1.0402
61.6500	1.0400
61.7000	1.0399
61.7500	1.0398
61.8000	1.0397
61.8500	1.0396
61.9000	1.0395
61.9500	1.0394
62.0000	1.0393
62.0500	1.0392
62.1000	1.0391
62.1500	1.0390
62.2000	1.0389
62.2500	1.0388
62.3000	1.0387
62.3500	1.0386
62.4000	1.0385
62.4500	1.0384
62.5000	1.0383
62.5500	1.0382
62.6000	1.0381
62.6500	1.0380
62.7000	1.0379
62.7500	1.0378
62.8000	1.0377
62.8500	1.0376
62.9000	1.0375
62.9500	1.0374
63.0000	1.0373
63.0500	1.0372
63.1000	1.0371
63.1500	1.0370
63.2000	1.0369
63.2500	1.0368
63.3000	1.0367
63.3500	1.0366
63.4000	1.0365
63.4500	1.0364
63.5000	1.0363
63.5500	1.0362
63.6000	1.0361
63.6500	1.0360
63.7000	1.0359
63.7500	1.0358
63.8000	1.0357
63.8500	1.0356
63.9000	1.0355
63.9500	1.0354
64.0000	1.0353
64.0500	1.0352
64.1000	1.0351
64.1500	1.0350
64.2000	1.0349
64.2500	1.0348
64.3000	1.0347
64.3500	1.0346
64.4000	1.0345
64.4500	1.0344
64.5000	1.0343
64.5500	1.0342
64.6000	1.0341
64.6500	1.0340
64.7000	1.0339
64.7500	1.0338
64.8000	1.0337
64.8500	1.0336
64.9000	1.0335
64.9500	1.0334
65.0000	1.0333
65.0500	1.0332
65.1000	1.0331
65.1500	1.0330
65.2000	1.0329
65.2500	1.0328
65.3000	1.0327
65.3500	1.0326
65.4000	1.0325
65.4500	1.0324
65.5000	1.0323
65.5500	1.0322
65.6000	1.0321
65.6500	1.0320
65.7000	1.0319
65.7500	1.0318
65.8000	1.0317
65.8500	1.0316
65.9000	1.0315
65.9500	1.0314
66.0000	1.0313
66.0500	1.0312
66.1000	1.0311
66.1500	1.0310
66.2000	1.0309
66.2500	1.0308
66.3000	1.0307
66.3500	1.0306
66.4000	1.0305
66.4500	1.0304
66.5000	1.0303
66.5500	1.0302
66.6000	1.0301
66.6500	1.0300
66.7000	1.0299
66.7500	1.0298
66.8000	1.0297
66.8500	1.0296
66.9000	1.0295
66.9500	1.0294
67.0000	1.0293
67.0500	1.0292
67.1000	1.0291
67.1500	1.0290
67.2000	1.0289
67.2500	1.0288
67.3000	1.0287
67.3500	1.0286
67.4000	1.0285
67.4500	1.0284
67.5000	1.0283
67.5500	1.0282
67.6000	1.0281
67.6500	1.0280
67.7000	1.0279
67.7500	1.0278
67.8000	1.0277
67.8500	1.0276
67.9000	1.0275
67.9500	1.0274
68.0000	1.0273
68.0500	1.0272
68.1000	1.0271
68.1500	1.0270
68.2000	1.0269
68.2500	1.0268
68.3000	1.0267
68.3500	1.0266
68.4000	1.0265
68.4500	1.0264
68.5000	1.0263
68.5500	1.0262
68.6000	1.0261
68.6500	1.0260
68.7000	1.0259
68.7500	1.0258
68.8000	1.0258
68.8500	1.0257
68.9000	1.0256
68.9500	1.0255
69.0000	1.0254
69.0500	1.0253
69.1000	1.0252
69.1500	1.0251
69.2000	1.0250
69.2500	1.0249
69.3000	1.0248
69.3500	1.0247
69.4000	1.0246
69.4500	1.0245
69.5000	1.0244
69.5500	1.0243
69.6000	1.0242
69.6500	1.0241
69.7000	1.0240
69.7500	1.0239
69.8000	1.0238
69.8500	1.0237
69.9000	1.0236
69.9500	1.0235
70.0000	1.0234
70.0500	1.0233
70.1000	1.0232
70.1500	1.0231
70.2000	1.0230
70.2500	1.0229
70.3000	1.0228
70.3500	1.0228
70.4000	1.0227
70.4500	1.0226
70.5000	1.0225
70.5500	1.0224
70.6000	1.0223
70.6500	1.0222
70.7000	1.0221
70.7500	1.0220
70.8000	1.0219
70.8500	1.0218
70.9000	1.0217
70.9500	1.0216
71.0000	1.0215
71.0500	1.0214
71.1000	1.0213
71.1500	1.0212
71.2000	1.0211
71.2500	1.0210
71.3000	1.0209
71.3500	1.0208
71.4000	1.0207
71.4500	1.0206
71.5000	1.0205
71.5500	1.0205
71.6000	1.0204
71.6500	1.0203
71.7000	1.0202
71.7500	1.0201
71.8000	1.0200
71.8500	1.0199
71.9000	1.0198
71.9500	1.0197
72.0000	1.0196
72.0500	1.0195
72.1000	1.0194
72.1500	1.0193
72.2000	1.0192
72.2500	1.0191
72.3000	1.0190
72.3500	1.0189
72.4000	1.0188
72.4500	1.0187
72.5000	1.0186
72.5500	1.0186
72.6000	1.0185
72.6500	1.0184
72.7000	1.0183
72.7500	1.0182
72.8000	1.0181
72.8500	1.0180
72.9000	1.0179
72.9500	1.0178
73.0000	1.0177
73.0500	1.0176
73.1000	1.0175
73.1500	1.0174
73.2000	1.0173
73.2500	1.0172
73.3000	1.0171
73.3500	1.0170
73.4000	1.0169
73.4500	1.0169
73.5000	1.0168
73.5500	1.0167
73.6000	1.0166
73.6500	1.0165
73.7000	1.0164
73.7500	1.0163
73.8000	1.0162
73.8500	1.0161
73.9000	1.0160
73.9500	1.0159
74.0000	1.0158
74.0500	1.0157
74.1000	1.0156
74.1500	1.0155
74.2000	1.0155
74.2500	1.0154
74.3000	1.0153
74.3500	1.0152
74.4000	1.0151
74.4500	1.0150
74.5000	1.0149
74.5500	1.0148
74.6000	1.0147
74.6500	1.0146
74.7000	1.0145
74.7500	1.0144
74.8000	1.0143
74.8500	1.0142
74.9000	1.0141
74.9500	1.0141
75.0000	1.0140
75.0500	1.0139
75.1000	1.0138
75.1500	1.0137
75.2000	1.0136
75.2500	1.0135
75.3000	1.0134
75.3500	1.0133
75.4000	1.0132
75.4500	1.0131
75.5000	1.0130
75.5500	1.0129
75.6000	1.0129
75.6500	1.0128
75.7000	1.0127
75.7500	1.0126
75.8000	1.0125
75.8500	1.0124
75.9000	1.0123
75.9500	1.0122
76.0000	1.0121
76.0500	1.0120
76.1000	1.0119
76.1500	1.0118
76.2000	1.0117
76.2500	1.0117
76.3000	1.0116
76.3500	1.0115
76.4000	1.0114
76.4500	1.0113
76.5000	1.0112
76.5500	1.0111
76.6000	1.0110
76.6500	1.0109
76.7000	1.0108
76.7500	1.0107
76.8000	1.0106
76.8500	1.0106
76.9000	1.0105
76.9500	1.0104
77.0000	1.0103
77.0500	1.0102
77.1000	1.0101
77.1500	1.0100
77.2000	1.0099
77.2500	1.0098
77.3000	1.0097
77.3500	1.0096
77.4000	1.0096
77.4500	1.0095
77.5000	1.0094
77.5500	1.0093
77.6000	1.0092
77.6500	1.0091
77.7000	1.0090
77.7500	1.0089
77.8000	1.0088
77.8500	1.0087
77.9000	1.0086
77.9500	1.0086
78.0000	1.0085
78.0500	1.0084
78.1000	1.0083
78.1500	1.0082
78.2000	1.0081
78.2500	1.0080
78.3000	1.0079
78.3500	1.0078
78.4000	1.0077
78.4500	1.0076
78.5000	1.0076
78.5500	1.0075
78.6000	1.0074
78.6500	1.0073
78.7000	1.0072
78.7500	1.0071
78.8000	1.0070
78.8500	1.0069
78.9000	1.0068
78.9500	1.0067
79.0000	1.0067
79.0500	1.0066
79.1000	1.0065
79.1500	1.0064
79.2000	1.0063
79.2500	1.0062
79.3000	1.0061
79.3500	1.0060
79.4000	1.0059
79.4500	1.0058
79.5000	1.0058
79.5500	1.0057
79.6000	1.0056
79.6500	1.0055
79.7000	1.0054
79.7500	1.0053
79.8000	1.0052
79.8500	1.0051
79.9000	1.0050
79.9500	1.0050
80.0000	1.0049
80.0500	1.0048
80.1000	1.0047
80.1500	1.0046
80.2000	1.0045
80.2500	1.0044
80.3000	1.0043
80.3500	1.0042
80.4000	1.0042
80.4500	1.0041
80.5000	1.0040
80.5500	1.0039
80.6000	1.0038
80.6500	1.0037
80.7000	1.0036
80.7500	1.0035
80.8000	1.0034
80.8500	1.0034
80.9000	1.0033
80.9500	1.0032
81.0000	1.0031
81.0500	1.0030
81.1000	1.0029
81.1500	1.0028
81.2000	1.0027
81.2500	1.0027
81.3000	1.0026
81.3500	1.0025
81.4000	1.0024
81.4500	1.0023
81.5000	1.0022
81.5500	1.0021
81.6000	1.0020
81.6500	1.0019
81.7000	1.0019
81.7500	1.0018
81.8000	1.0017
81.8500	1.0016
81.9000	1.0015
81.9500	1.0014
82.0000	1.0013
82.0500	1.0012
82.1000	1.0012
82.1500	1.0011
82.2000	1.0010
82.2500	1.0009
82.3000	1.0008
82.3500	1.0007
82.4000	1.0006
82.4500	1.0005
82.5000	1.0005
82.5500	1.0004
82.6000	1.0003
82.6500	1.0002
82.7000	1.0001
82.7500	1.0000
82.8000	0.9999
82.8500	0.9998
82.9000	0.9998
82.9500	0.9997
83.0000	0.9996
83.0500	0.9995
83.1000	0.9994
83.1500	0.9993
83.2000	0.9992
83.2500	0.9991
83.3000	0.9991
83.3500	0.9990
83.4000	0.9989
83.4500	0.9988
83.5000	0.9987
83.5500	0.9986
83.6000	0.9985
83.6500	0.9985
83.7000	0.9984
83.7500	0.9983
83.8000	0.9982
83.8500	0.9981
83.9000	0.9980
83.9500	0.9979
84.0000	0.9979
84.0500	0.9978
84.1000	0.9977
84.1500	0.9976
84.2000	0.9975
84.2500	0.9974
84.3000	0.9973
84.3500	0.9972
84.4000	0.9972
84.4500	0.9971
84.5000	0.9970
84.5500	0.9969
84.6000	0.9968
84.6500	0.9967
84.7000	0.9966
84.7500	0.9966
84.8000	0.9965
84.8500	0.9964
84.9000	0.9963
84.9500	0.9962
85.0000	0.9961
85.0500	0.9960
85.1000	0.9960
85.1500	0.9959
85.2000	0.9958
85.2500	0.9957
85.3000	0.9956
85.3500	0.9955
85.4000	0.9954
85.4500	0.9954
85.5000	0.9953
85.5500	0.9952
85.6000	0.9951
85.6500	0.9950
85.7000	0.9949
85.7500	0.9949
85.8000	0.9948
85.8500	0.9947
85.9000	0.9946
85.9500	0.9945
86.0000	0.9944
86.0500	0.9943
86.1000	0.9943
86.1500	0.9942
86.2000	0.9941
86.2500	0.9940
86.3000	0.9939
86.3500	0.9938
86.4000	0.9938
86.4500	0.9937
86.5000	0.9936
86.5500	0.9935
86.6000	0.9934
86.6500	0.9933
86.7000	0.9932
86.7500	0.9932
86.8000	0.9931
86.8500	0.9930
86.9000	0.9929
86.9500	0.9928
87.0000	0.9927
87.0500	0.9927
87.1000	0.9926
87.1500	0.9925
87.2000	0.9924
87.2500	0.9923
87.3000	0.9922
87.3500	0.9921
87.4000	0.9921
87.4500	0.9920
87.5000	0.9919
87.5500	0.9918
87.6000	0.9917
87.6500	0.9916
87.7000	0.9916
87.7500	0.9915
87.8000	0.9914
87.8500	0.9913
87.9000	0.9912
87.9500	0.9911
88.0000	0.9911
88.0500	0.9910
88.1000	0.9909
88.1500	0.9908
88.2000	0.9907
88.2500	0.9906
88.3000	0.9906
88.3500	0.9905
88.4000	0.9904
88.4500	0.9903
88.5000	0.9902
88.5500	0.9901
88.6000	0.9901
88.6500	0.9900
88.7000	0.9899
88.7500	0.9898
88.8000	0.9897
88.8500	0.9896
88.9000	0.9896
88.9500	0.9895
89.0000	0.9894
89.0500	0.9893
89.1000	0.9892
89.1500	0.9891
89.2000	0.9891
89.2500	0.9890
89.3000	0.9889
89.3500	0.9888
89.4000	0.9887
89.4500	0.9887
89.5000	0.9886
89.5500	0.9885
89.6000	0.9884
89.6500	0.9883
89.7000	0.9882
89.7500	0.9882
89.8000	0.9881
89.8500	0.9880
89.9000	0.9879
89.9500	0.9878
90.0000	0.9877
90.0500	0.9877
90.1000	0.9876
90.1500	0.9875
90.2000	0.9874
90.2500	0.9873
90.3000	0.9873
90.3500	0.9872
90.4000	0.9871
90.4500	0.9870
90.5000	0.9869
90.5500	0.9868
90.6000	0.9868
90.6500	0.9867
90.7000	0.9866
90.7500	0.9865
90.8000	0.9864
90.8500	0.9864
90.9000	0.9863
90.9500	0.9862
91.0000	0.9861
91.0500	0.9860
91.1000	0.9859
91.1500	0.9859
91.2000	0.9858
91.2500	0.9857
91.3000	0.9856
91.3500	0.9855
91.4000	0.9855
91.4500	0.9854
91.5000	0.9853
91.5500	0.9852
91.6000	0.9851
91.6500	0.9851
91.7000	0.9850
91.7500	0.9849
91.8000	0.9848
91.8500	0.9847
91.9000	0.9846
91.9500	0.9846
92.0000	0.9845
92.0500	0.9844
92.1000	0.9843
92.1500	0.9842
92.2000	0.9842
92.2500	0.9841
92.3000	0.9840
92.3500	0.9839
92.4000	0.9838
92.4500	0.9838
92.5000	0.9837
92.5500	0.9836
92.6000	0.9835
92.6500	0.9834
92.7000	0.9834
92.7500	0.9833
92.8000	0.9832
92.8500	0.9831
92.9000	0.9830
92.9500	0.9830
93.0000	0.9829
93.0500	0.9828
93.1000	0.9827
93.1500	0.9826
93.2000	0.9826
93.2500	0.9825
93.3000	0.9824
93.3500	0.9823
93.4000	0.9822
93.4500	0.9822
93.5000	0.9821
93.5500	0.9820
93.6000	0.9819
93.6500	0.9818
93.7000	0.9818
93.7500	0.9817
93.8000	0.9816
93.8500	0.9815
93.9000	0.9814
93.9500	0.9814
94.0000	0.9813
94.0500	0.9812
94.1000	0.9811
94.1500	0.9810
94.2000	0.9810
94.2500	0.9809
94.3000	0.9808
94.3500	0.9807
94.4000	0.9806
94.4500	0.9806
94.5000	0.9805
94.5500	0.9804
94.6000	0.9803
94.6500	0.9802
94.7000	0.9802
94.7500	0.9801
94.8000	0.9800
94.8500	0.9799
94.9000	0.9798
94.9500	0.9798
95.0000	0.9797
95.0500	0.9796
95.1000	0.9795
95.1500	0.9795
95.2000	0.9794
95.2500	0.9793
95.3000	0.9792
95.3500	0.9791
95.4000	0.9791
95.4500	0.9790
95.5000	0.9789
95.5500	0.9788
95.6000	0.9787
95.6500	0.9787
95.7000	0.9786
95.7500	0.9785
95.8000	0.9784
95.8500	0.9783
95.9000	0.9783
95.9500	0.9782
96.0000	0.9781
96.0500	0.9780
96.1000	0.9780
96.1500	0.9779
96.2000	0.9778
96.2500	0.9777
96.3000	0.9776
96.3500	0.9776
96.4000	0.9775
96.4500	0.9774
96.5000	0.9773
96.5500	0.9773
96.6000	0.9772
96.6500	0.9771
96.7000	0.9770
96.7500	0.9769
96.8000	0.9769
96.8500	0.9768
96.9000	0.9767
96.9500	0.9766
97.0000	0.9766
97.0500	0.9765
97.1000	0.9764
97.1500	0.9763
97.2000	0.9762
97.2500	0.9762
97.3000	0.9761
97.3500	0.9760
97.4000	0.9759
97.4500	0.9759
97.5000	0.9758
97.5500	0.9757
97.6000	0.9756
97.6500	0.9755
97.7000	0.9755
97.7500	0.9754
97.8000	0.9753
97.8500	0.9752
97.9000	0.9752
97.9500	0.9751
98.0000	0.9750
98.0500	0.9749
98.1000	0.9748
98.1500	0.9748
98.2000	0.9747
98.2500	0.9746
98.3000	0.9745
98.3500	0.9745
98.4000	0.9744
98.4500	0.9743
98.5000	0.9742
98.5500	0.9742
98.6000	0.9741
98.6500	0.9740
98.7000	0.9739
98.7500	0.9738
98.8000	0.9738
98.8500	0.9737
98.9000	0.9736
98.9500	0.9735
99.0000	0.9735
99.0500	0.9734
99.1000	0.9733
99.1500	0.9732
99.2000	0.9732
99.2500	0.9731
99.3000	0.9730
99.3500	0.9729
99.4000	0.9729
99.4500	0.9728
99.5000	0.9727
99.5500	0.9726
99.6000	0.9726
99.6500	0.9725
99.7000	0.9724
99.7500	0.9723
99.8000	0.9722
99.8500	0.9722
99.9000	0.9721
99.9500	0.9720
100.0000	0.9719
100.0500	0.9719
100.1000	0.9718
100.1500	0.9717
100.2000	0.9716
100.2500	0.9716
100.3000	0.9715
100.3500	0.9714
100.4000	0.9713
100.4500	0.9713
100.5000	0.9712
100.5500	0.9711
100.6000	0.9710
100.6500	0.9710
100.7000	0.9709
100.7500	0.9708
100.8000	0.9707
100.8500	0.9707
100.9000	0.9706
100.9500	0.9705
101.0000	0.9704
101.0500	0.9704
101.1000	0.9703
101.1500	0.9702
101.2000	0.9701
101.2500	0.9701
101.3000	0.9700
101.3500	0.9699
101.4000	0.9698
101.4500	0.9698
101.5000	0.9697
101.5500	0.9696
101.6000	0.9695
101.6500	0.9695
101.7000	0.9694
101.7500	0.9693
101.8000	0.9692
101.8500	0.9692
101.9000	0.9691
101.9500	0.9690
102.0000	0.9689
102.0500	0.9689
102.1000	0.9688
102.1500	0.9687
102.2000	0.9686
102.2500	0.9686
102.3000	0.9685
102.3500	0.9684
102.4000	0.9683
102.4500	0.9683
102.5000	0.9682
102.5500	0.9681
102.6000	0.9680
102.6500	0.9680
102.7000	0.9679
102.7500	0.9678
102.8000	0.9677
102.8500	0.9677
102.9000	0.9676
102.9500	0.9675
103.0000	0.9674
103.0500	0.9674
103.1000	0.9673
103.1500	0.9672
103.2000	0.9671
103.2500	0.9671
103.3000	0.9670
103.3500	0.9669
103.4000	0.9668
103.4500	0.9668
103.5000	0.9667
103.5500	0.9666
103.6000	0.9665
103.6500	0.9665
103.7000	0.9664
103.7500	0.9663
103.8000	0.9663
103.8500	0.9662
103.9000	0.9661
103.9500	0.9660
104.0000	0.9660
104.0500	0.9659
104.1000	0.9658
104.1500	0.9657
104.2000	0.9657
104.2500	0.9656
104.3000	0.9655
104.3500	0.9654
104.4000	0.9654
104.4500	0.9653
104.5000	0.9652
104.5500	0.9652
104.6000	0.9651
104.6500	0.9650
104.7000	0.9649
104.7500	0.9649
104.8000	0.9648
104.8500	0.9647
104.9000	0.9646
104.9500	0.9646
105.0000	0.9645
105.0500	0.9644
105.1000	0.9643
105.1500	0.9643
105.2000	0.9642
105.2500	0.9641
105.3000	0.9641
105.3500	0.9640
105.4000	0.9639
105.4500	0.9638
105.5000	0.9638
105.5500	0.9637
105.6000	0.9636
105.6500	0.9635
105.7000	0.9635
105.7500	0.9634
105.8000	0.9633
105.8500	0.9633
105.9000	0.9632
105.9500	0.9631
106.0000	0.9630
106.0500	0.9630
106.1000	0.9629
106.1500	0.9628
106.2000	0.9627
106.2500	0.9627
106.3000	0.9626
106.3500	0.9625
106.4000	0.9625
106.4500	0.9624
106.5000	0.9623
106.5500	0.9622
106.6000	0.9622
106.6500	0.9621
106.7000	0.9620
106.7500	0.9620
106.8000	0.9619
106.8500	0.9618
106.9000	0.9617
106.9500	0.9617
107.0000	0.9616
107.0500	0.9615
107.1000	0.9614
107.1500	0.9614
107.2000	0.9613
107.2500	0.9612
107.3000	0.9612
107.3500	0.9611
107.4000	0.9610
107.4500	0.9609
107.5000	0.9609
107.5500	0.9608
107.6000	0.9607
107.6500	0.9607
107.7000	0.9606
107.7500	0.9605
107.8000	0.9604
107.8500	0.9604
107.9000	0.9603
107.9500	0.9602
108.0000	0.9602
108.0500	0.9601
108.1000	0.9600
108.1500	0.9599
108.2000	0.9599
108.2500	0.9598
108.3000	0.9597
108.3500	0.9597
108.4000	0.9596
108.4500	0.9595
108.5000	0.9594
108.5500	0.9594
108.6000	0.9593
108.6500	0.9592
108.7000	0.9592
108.7500	0.9591
108.8000	0.9590
108.8500	0.9589
108.9000	0.9589
108.9500	0.9588
109.0000	0.9587
109.0500	0.9587
109.1000	0.9586
109.1500	0.9585
109.2000	0.9585
109.2500	0.9584
109.3000	0.9583
109.3500	0.9582
109.4000	0.9582
109.4500	0.9581
109.5000	0.9580
109.5500	0.9580
109.6000	0.9579
109.6500	0.9578
109.7000	0.9577
109.7500	0.9577
109.8000	0.9576
109.8500	0.9575
109.9000	0.9575
109.9500	0.9574
110.0000	0.9573
110.0500	0.9573
110.1000	0.9572
110.1500	0.9571
110.2000	0.9570
110.2500	0.9570
110.3000	0.9569
110.3500	0.9568
110.4000	0.9568
110.4500	0.9567
110.5000	0.9566
110.5500	0.9565
110.6000	0.9565
110.6500	0.9564
110.7000	0.9563
110.7500	0.9563
110.8000	0.9562
110.8500	0.9561
110.9000	0.9561
110.9500	0.9560
111.0000	0.9559
111.0500	0.9558
111.1000	0.9558
111.1500	0.9557
111.2000	0.9556
111.2500	0.9556
111.3000	0.9555
111.3500	0.9554
111.4000	0.9554
111.4500	0.9553
111.5000	0.9552
111.5500	0.9552
111.6000	0.9551
111.6500	0.9550
111.7000	0.9549
111.7500	0.9549
111.8000	0.9548
111.8500	0.9547
111.9000	0.9547
111.9500	0.9546
112.0000	0.9545
112.0500	0.9545
112.1000	0.9544
112.1500	0.9543
112.2000	0.9542
112.2500	0.9542
112.3000	0.9541
112.3500	0.9540
112.4000	0.9540
112.4500	0.9539
112.5000	0.9538
112.5500	0.9538
112.6000	0.9537
112.6500	0.9536
112.7000	0.9536
112.7500	0.9535
112.8000	0.9534
112.8500	0.9534
112.9000	0.9533
112.9500	0.9532
113.0000	0.9531
113.0500	0.9531
113.1000	0.9530
113.1500	0.9529
113.2000	0.9529
113.2500	0.9528
113.3000	0.9527
113.3500	0.9527
113.4000	0.9526
113.4500	0.9525
113.5000	0.9525
113.5500	0.9524
113.6000	0.9523
113.6500	0.9523
113.7000	0.9522
113.7500	0.9521
113.8000	0.9520
113.8500	0.9520
113.9000	0.9519
113.9500	0.9518
114.0000	0.9518
114.0500	0.9517
114.1000	0.9516
114.1500	0.9516
114.2000	0.9515
114.2500	0.9514
114.3000	0.9514
114.3500	0.9513
114.4000	0.9512
114.4500	0.9512
114.5000	0.9511
114.5500	0.9510
114.6000	0.9510
114.6500	0.9509
114.7000	0.9508
114.7500	0.9508
114.8000	0.9507
114.8500	0.9506
114.9000	0.9505
114.9500	0.9505
115.0000	0.9504
115.0500	0.9503
115.1000	0.9503
115.1500	0.9502
115.2000	0.9501
115.2500	0.9501
115.3000	0.9500
115.3500	0.9499
115.4000	0.9499
115.4500	0.9498
115.5000	0.9497
115.5500	0.9497
115.6000	0.9496
115.6500	0.9495
115.7000	0.9495
115.7500	0.9494
115.8000	0.9493
115.8500	0.9493
115.9000	0.9492
115.9500	0.9491
116.0000	0.9491
116.0500	0.9490
116.1000	0.9489
116.1500	0.9489
116.2000	0.9488
116.2500	0.9487
116.3000	0.9487
116.3500	0.9486
116.4000	0.9485
116.4500	0.9485
116.5000	0.9484
116.5500	0.9483
116.6000	0.9483
116.6500	0.9482
116.7000	0.9481
116.7500	0.9481
116.8000	0.9480
116.8500	0.9479
116.9000	0.9479
116.9500	0.9478
117.0000	0.9477
117.0500	0.9477
117.1000	0.9476
117.1500	0.9475
117.2000	0.9475
117.2500	0.9474
117.3000	0.9473
117.3500	0.9473
117.4000	0.9472
117.4500	0.9471
117.5000	0.9471
117.5500	0.9470
117.6000	0.9469
117.6500	0.9469
117.7000	0.9468
117.7500	0.9467
117.8000	0.9467
117.8500	0.9466
117.9000	0.9465
117.9500	0.9465
118.0000	0.9464
118.0500	0.9463
118.1000	0.9463
118.1500	0.9462
118.2000	0.9461
118.2500	0.9461
118.3000	0.9460
118.3500	0.9459
118.4000	0.9459
118.4500	0.9458
118.5000	0.9457
118.5500	0.9457
118.6000	0.9456
118.6500	0.9455
118.7000	0.9455
118.7500	0.9454
118.8000	0.9453
118.8500	0.9453
118.9000	0.9452
118.9500	0.9451
119.0000	0.9451
119.0500	0.9450
119.1000	0.9449
119.1500	0.9449
119.2000	0.9448
119.2500	0.9447
119.3000	0.9447
119.3500	0.9446
119.4000	0.9445
119.4500	0.9445
119.5000	0.9444
119.5500	0.9443
119.6000	0.9443
119.6500	0.9442
119.7000	0.9441
119.7500	0.9441
119.8000	0.9440
119.8500	0.9439
119.9000	0.9439
119.9500	0.9438
120.0000	0.9438
120.0500	0.9437
120.1000	0.9436
120.1500	0.9436
120.2000	0.9435
120.2500	0.9434
120.3000	0.9434
120.3500	0.9433
120.4000	0.9432
120.4500	0.9432
120.5000	0.9431
120.5500	0.9430
120.6000	0.9430
120.6500	0.9429
120.7000	0.9428
120.7500	0.9428
120.8000	0.9427
120.8500	0.9426
120.9000	0.9426
120.9500	0.9425
121.0000	0.9424
121.0500	0.9424
121.1000	0.9423
121.1500	0.9423
121.2000	0.9422
121.2500	0.9421
121.3000	0.9421
121.3500	0.9420
121.4000	0.9419
121.4500	0.9419
121.5000	0.9418
121.5500	0.9417
121.6000	0.9417
121.6500	0.9416
121.7000	0.9415
121.7500	0.9415
121.8000	0.9414
121.8500	0.9413
121.9000	0.9413
121.9500	0.9412
122.0000	0.9412
122.0500	0.9411
122.1000	0.9410
122.1500	0.9410
122.2000	0.9409
122.2500	0.9408
122.3000	0.9408
122.3500	0.9407
122.4000	0.9406
122.4500	0.9406
122.5000	0.9405
122.5500	0.9404
122.6000	0.9404
122.6500	0.9403
122.7000	0.9403
122.7500	0.9402
122.8000	0.9401
122.8500	0.9401
122.9000	0.9400
122.9500	0.9399
123.0000	0.9399
123.0500	0.9398
123.1000	0.9397
123.1500	0.9397
123.2000	0.9396
123.2500	0.9395
123.3000	0.9395
123.3500	0.9394
123.4000	0.9394
123.4500	0.9393
123.5000	0.9392
123.5500	0.9392
123.6000	0.9391
123.6500	0.9390
123.7000	0.9390
123.7500	0.9389
123.8000	0.9388
123.8500	0.9388
123.9000	0.9387
123.9500	0.9387
124.0000	0.9386
124.0500	0.9385
124.1000	0.9385
124.1500	0.9384
124.2000	0.9383
124.2500	0.9383
124.3000	0.9382
124.3500	0.9381
124.4000	0.9381
124.4500	0.9380
124.5000	0.9380
124.5500	0.9379
124.6000	0.9378
124.6500	0.9378
124.7000	0.9377
124.7500	0.9376
124.8000	0.9376
124.8500	0.9375
124.9000	0.9375
124.9500	0.9374
125.0000	0.9373
125.0500	0.9373
125.1000	0.9372
125.1500	0.9371
125.2000	0.9371
125.2500	0.9370
125.3000	0.9369
125.3500	0.9369
125.4000	0.9368
125.4500	0.9368
125.5000	0.9367
125.5500	0.9366
125.6000	0.9366
125.6500	0.9365
125.7000	0.9364
125.7500	0.9364
125.8000	0.9363
125.8500	0.9363
125.9000	0.9362
125.9500	0.9361
126.0000	0.9361
126.0500	0.9360
126.1000	0.9359
126.1500	0.9359
126.2000	0.9358
126.2500	0.9358
126.3000	0.9357
126.3500	0.9356
126.4000	0.9356
126.4500	0.9355
126.5000	0.9354
126.5500	0.9354
126.6000	0.9353
126.6500	0.9353
126.7000	0.9352
126.7500	0.9351
126.8000	0.9351
126.8500	0.9350
126.9000	0.9349
126.9500	0.9349
127.0000	0.9348
127.0500	0.9348
127.1000	0.9347
127.1500	0.9346
127.2000	0.9346
127.2500	0.9345
127.3000	0.9344
127.3500	0.9344
127.4000	0.9343
127.4500	0.9343
127.5000	0.9342
127.5500	0.9341
127.6000	0.9341
127.6500	0.9340
127.7000	0.9339
127.7500	0.9339
127.8000	0.9338
127.8500	0.9338
127.9000	0.9337
127.9500	0.9336
128.0000	0.9336
128.0500	0.9335
128.1000	0.9335
128.1500	0.9334
128.2000	0.9333
128.2500	0.9333
128.3000	0.9332
128.3500	0.9331
128.4000	0.9331
128.4500	0.9330
128.5000	0.9330
128.5500	0.9329
128.6000	0.9328
128.6500	0.9328
128.7000	0.9327
128.7500	0.9327
128.8000	0.9326
128.8500	0.9325
128.9000	0.9325
128.9500	0.9324
129.0000	0.9323
129.0500	0.9323
129.1000	0.9322
129.1500	0.9322
129.2000	0.9321
129.2500	0.9320
129.3000	0.9320
129.3500	0.9319
129.4000	0.9319
129.4500	0.9318
129.5000	0.9317
129.5500	0.9317
129.6000	0.9316
129.6500	0.9315
129.7000	0.9315
129.7500	0.9314
129.8000	0.9314
129.8500	0.9313
129.9000	0.9312
129.9500	0.9312
130.0000	0.9311
130.0500	0.9311
130.1000	0.9310
130.1500	0.9309
130.2000	0.9309
130.2500	0.9308
130.3000	0.9308
130.3500	0.9307
130.4000	0.9306
130.4500	0.9306
130.5000	0.9305
130.5500	0.9304
130.6000	0.9304
130.6500	0.9303
130.7000	0.9303
130.7500	0.9302
130.8000	0.9301
130.8500	0.9301
130.9000	0.9300
130.9500	0.9300
131.0000	0.9299
131.0500	0.9298
131.1000	0.9298
131.1500	0.9297
131.2000	0.9297
131.2500	0.9296
131.3000	0.9295
131.3500	0.9295
131.4000	0.9294
131.4500	0.9294
131.5000	0.9293
131.5500	0.9292
131.6000	0.9292
131.6500	0.9291
131.7000	0.9291
131.7500	0.9290
131.8000	0.9289
131.8500	0.9289
131.9000	0.9288
131.9500	0.9288
132.0000	0.9287
132.0500	0.9286
132.1000	0.9286
132.1500	0.9285
132.2000	0.9285
132.2500	0.9284
132.3000	0.9283
132.3500	0.9283
132.4000	0.9282
132.4500	0.9282
132.5000	0.9281
132.5500	0.9280
132.6000	0.9280
132.6500	0.9279
132.7000	0.9279
132.7500	0.9278
132.8000	0.9277
132.8500	0.9277
132.9000	0.9276
132.9500	0.9276
133.0000	0.9275
133.0500	0.9274
133.1000	0.9274
133.1500	0.9273
133.2000	0.9273
133.2500	0.9272
133.3000	0.9271
133.3500	0.9271
133.4000	0.9270
133.4500	0.9270
133.5000	0.9269
133.5500	0.9268
133.6000	0.9268
133.6500	0.9267
133.7000	0.9267
133.7500	0.9266
133.8000	0.9265
133.8500	0.9265
133.9000	0.9264
133.9500	0.9264
134.0000	0.9263
134.0500	0.9262
134.1000	0.9262
134.1500	0.9261
134.2000	0.9261
134.2500	0.9260
134.3000	0.9259
134.3500	0.9259
134.4000	0.9258
134.4500	0.9258
134.5000	0.9257
134.5500	0.9257
134.6000	0.9256
134.6500	0.9255
134.7000	0.9255
134.7500	0.9254
134.8000	0.9254
134.8500	0.9253
134.9000	0.9252
134.9500	0.9252
135.0000	0.9251
135.0500	0.9251
135.1000	0.9250
135.1500	0.9249
135.2000	0.9249
135.2500	0.9248
135.3000	0.9248
135.3500	0.9247
135.4000	0.9246
135.4500	0.9246
135.5000	0.9245
135.5500	0.9245
135.6000	0.9244
135.6500	0.9244
135.7000	0.9243
135.7500	0.9242
135.8000	0.9242
135.8500	0.9241
135.9000	0.9241
135.9500	0.9240
136.0000	0.9239
136.0500	0.9239
136.1000	0.9238
136.1500	0.9238
136.2000	0.9237
136.2500	0.9237
136.3000	0.9236
136.3500	0.9235
136.4000	0.9235
136.4500	0.9234
136.5000	0.9234
136.5500	0.9233
136.6000	0.9232
136.6500	0.9232
136.7000	0.9231
136.7500	0.9231
136.8000	0.9230
136.8500	0.9229
136.9000	0.9229
136.9500	0.9228
137.0000	0.9228
137.0500	0.9227
137.1000	0.9227
137.1500	0.9226
137.2000	0.9225
137.2500	0.9225
137.3000	0.9224
137.3500	0.9224
137.4000	0.9223
137.4500	0.9223
137.5000	0.9222
137.5500	0.9221
137.6000	0.9221
137.6500	0.9220
137.7000	0.9220
137.7500	0.9219
137.8000	0.9218
137.8500	0.9218
137.9000	0.9217
137.9500	0.9217
138.0000	0.9216
138.0500	0.9216
138.1000	0.9215
138.1500	0.9214
138.2000	0.9214
138.2500	0.9213
138.3000	0.9213
138.3500	0.9212
138.4000	0.9212
138.4500	0.9211
138.5000	0.9210
138.5500	0.9210
138.6000	0.9209
138.6500	0.9209
138.7000	0.9208
138.7500	0.9207
138.8000	0.9207
138.8500	0.9206
138.9000	0.9206
138.9500	0.9205
139.0000	0.9205
139.0500	0.9204
139.1000	0.9203
139.1500	0.9203
139.2000	0.9202
139.2500	0.9202
139.3000	0.9201
139.3500	0.9201
139.4000	0.9200
139.4500	0.9199
139.5000	0.9199
139.5500	0.9198
139.6000	0.9198
139.6500	0.9197
139.7000	0.9197
139.7500	0.9196
139.8000	0.9195
139.8500	0.9195
139.9000	0.9194
139.9500	0.9194
140.0000	0.9193
140.0500	0.9193
140.1000	0.9192
140.1500	0.9191
140.2000	0.9191
140.2500	0.9190
140.3000	0.9190
140.3500	0.9189
140.4000	0.9189
140.4500	0.9188
140.5000	0.9187
140.5500	0.9187
140.6000	0.9186
140.6500	0.9186
140.7000	0.9185
140.7500	0.9185
140.8000	0.9184
140.8500	0.9183
140.9000	0.9183
140.9500	0.9182
141.0000	0.9182
141.0500	0.9181
141.1000	0.9181
141.1500	0.9180
141.2000	0.9180
141.2500	0.9179
141.3000	0.9178
141.3500	0.9178
141.4000	0.9177
141.4500	0.9177
141.5000	0.9176
141.5500	0.9176
141.6000	0.9175
141.6500	0.9174
141.7000	0.9174
141.7500	0.9173
141.8000	0.9173
141.8500	0.9172
141.9000	0.9172
141.9500	0.9171
142.0000	0.9170
142.0500	0.9170
142.1000	0.9169
142.1500	0.9169
142.2000	0.9168
142.2500	0.9168
142.3000	0.9167
142.3500	0.9167
142.4000	0.9166
142.4500	0.9165
142.5000	0.9165
142.5500	0.9164
142.6000	0.9164
142.6500	0.9163
142.7000	0.9163
142.7500	0.9162
142.8000	0.9161
142.8500	0.9161
142.9000	0.9160
142.9500	0.9160
143.0000	0.9159
143.0500	0.9159
143.1000	0.9158
143.1500	0.9158
143.2000	0.9157
143.2500	0.9156
143.3000	0.9156
143.3500	0.9155
143.4000	0.9155
143.4500	0.9154
143.5000	0.9154
143.5500	0.9153
143.6000	0.9153
143.6500	0.9152
143.7000	0.9151
143.7500	0.9151
143.8000	0.9150
143.8500	0.9150
143.9000	0.9149
143.9500	0.9149
144.0000	0.9148
144.0500	0.9148
144.1000	0.9147
144.1500	0.9146
144.2000	0.9146
144.2500	0.9145
144.3000	0.9145
144.3500	0.9144
144.4000	0.9144
144.4500	0.9143
144.5000	0.9143
144.5500	0.9142
144.6000	0.9141
144.6500	0.9141
144.7000	0.9140
144.7500	0.9140
144.8000	0.9139
144.8500	0.9139
144.9000	0.9138
144.9500	0.9138
145.0000	0.9137
145.0500	0.9136
145.1000	0.9136
145.1500	0.9135
145.2000	0.9135
145.2500	0.9134
145.3000	0.9134
145.3500	0.9133
145.4000	0.9133
145.4500	0.9132
145.5000	0.9131
145.5500	0.9131
145.6000	0.9130
145.6500	0.9130
145.7000	0.9129
145.7500	0.9129
145.8000	0.9128
145.8500	0.9128
145.9000	0.9127
145.9500	0.9127
146.0000	0.9126
146.0500	0.9125
146.1000	0.9125
146.1500	0.9124
146.2000	0.9124
146.2500	0.9123
146.3000	0.9123
146.3500	0.9122
146.4000	0.9122
146.4500	0.9121
146.5000	0.9120
146.5500	0.9120
146.6000	0.9119
146.6500	0.9119
146.7000	0.9118
146.7500	0.9118
146.8000	0.9117
146.8500	0.9117
146.9000	0.9116
146.9500	0.9116
147.0000	0.9115
147.0500	0.9114
147.1000	0.9114
147.1500	0.9113
147.2000	0.9113
147.2500	0.9112
147.3000	0.9112
147.3500	0.9111
147.4000	0.9111
147.4500	0.9110
147.5000	0.9110
147.5500	0.9109
147.6000	0.9108
147.6500	0.9108
147.7000	0.9107
147.7500	0.9107
147.8000	0.9106
147.8500	0.9106
147.9000	0.9105
147.9500	0.9105
148.0000	0.9104
148.0500	0.9104
148.1000	0.9103
148.1500	0.9102
148.2000	0.9102
148.2500	0.9101
148.3000	0.9101
148.3500	0.9100
148.4000	0.9100
148.4500	0.9099
148.5000	0.9099
148.5500	0.9098
148.6000	0.9098
148.6500	0.9097
148.7000	0.9097
148.7500	0.9096
148.8000	0.9095
148.8500	0.9095
148.9000	0.9094
148.9500	0.9094
149.0000	0.9093
149.0500	0.9093
149.1000	0.9092
149.1500	0.9092
149.2000	0.9091
149.2500	0.9091
149.3000	0.9090
149.3500	0.9090
149.4000	0.9089
149.4500	0.9088
149.5000	0.9088
149.5500	0.9087
149.6000	0.9087
149.6500	0.9086
149.7000	0.9086
149.7500	0.9085
149.8000	0.9085
149.8500	0.9084
149.9000	0.9084
149.9500	0.9083
150.0000	0.9083
